{
 "cells": [
  {
   "cell_type": "markdown",
   "metadata": {},
   "source": [
    "The decentralizedOI described in the paper"
   ]
  },
  {
   "cell_type": "code",
   "execution_count": 23,
   "metadata": {},
   "outputs": [],
   "source": [
    "import numpy as np\n",
    "\n",
    "def push_sum(B, K_i, num_iterations=100):\n",
    "    \"\"\"\n",
    "    Decentralized Push-Sum Algorithm for computing the sum of distributed matrices.\n",
    "    \n",
    "    B: Stochastic transition matrix (Markov transition matrix).\n",
    "    K_i: Local matrices computed at each node, representing V_i^T V_i.\n",
    "    num_iterations: Number of iterations to approximate the sum.\n",
    "    \n",
    "    Returns:\n",
    "    - Approximated sum of K(i) across all nodes.\n",
    "    \"\"\"\n",
    "    n, k, _ = K_i.shape  # the size of the matrix K_i is n x k x k \n",
    "    S = K_i.copy()  # S_i = K_i for all nodes\n",
    "    w = np.zeros(n)  \n",
    "    w[0] = 1  # Set initial weight for the first node to 1, all others remain 0\n",
    "\n",
    "    for _ in range(num_iterations):\n",
    "        S_new = np.zeros((n, k, k))  \n",
    "        w_new = np.zeros(n)  \n",
    "\n",
    "        for i in range(n):  # Iterate through each node\n",
    "            for j in range(n):  \n",
    "                if B[i, j] > 0:  \n",
    "                    S_new[i] += B[i, j] * S[j]  \n",
    "                    w_new[i] += B[i, j] * w[j]  \n",
    "\n",
    "        S = S_new  # Update sum matrix\n",
    "        w = w_new  # Update weight vector\n",
    "        '''accutually, it should stopped when w is evenly dsitributed, but for convenience, I just do enough iterations'''\n",
    "\n",
    "\n",
    "    return S / w[:, None, None]  # Normalize to obtain the final result\n"
   ]
  },
  {
   "cell_type": "code",
   "execution_count": 24,
   "metadata": {},
   "outputs": [],
   "source": [
    "import networkx as nx\n",
    "from scipy.linalg import cholesky\n",
    "import numpy as np\n",
    "\n",
    "def decentralized_OI(G, k, num_iterations=100):\n",
    "    \"\"\"\n",
    "    Decentralized Orthogonal Iteration (DecentralizedOI) Algorithm.\n",
    "    \n",
    "    This algorithm approximates the top k eigenvectors of the adjacency matrix A\n",
    "    in a decentralized manner using local computations and Push-Sum aggregation.\n",
    "    \n",
    "    Parameters:\n",
    "    G :\n",
    "        The input undirected graph where nodes communicate with their neighbors.\n",
    "    k : \n",
    "        The number of eigenvectors to compute.\n",
    "    num_iterations : \n",
    "        The number of iterations for convergence.\n",
    "\n",
    "    Returns:\n",
    "    Q : ndarray (n, k)\n",
    "        The computed k eigenvectors (each node stores its local contribution).\n",
    "    \"\"\"\n",
    "    \n",
    "    A = nx.to_numpy_array(G)\n",
    "    n = A.shape[0]  # Number of nodes\n",
    "\n",
    "    # Compute the stochastic Markov matrix B (for Push-Sum)\n",
    "    degrees = np.sum(A, axis=1, keepdims=True)  # Compute node degrees\n",
    "    B = np.nan_to_num(A / degrees)  # Normalize A to create B (avoid division by zero)\n",
    "\n",
    "    # Randomly initialize Q \n",
    "    Q = np.random.rand(n, k)\n",
    "\n",
    "    for _ in range(num_iterations):\n",
    "        # Compute neighbor-weighted sum V = A @ Q\n",
    "        V = A @ Q  \n",
    "\n",
    "        # Each node computes its local K(i) = V_i^T V_i\n",
    "        K_i = np.array([Vi.reshape(-1, 1) @ Vi.reshape(1, -1) for Vi in V])\n",
    "\n",
    "        # Compute decentralized approximation of K using Push-Sum\n",
    "        K = push_sum(B, K_i)  \n",
    "\n",
    "        # print(\"this is K: \", K) # check if each node has the same K debugging\n",
    "\n",
    "        # Compute Cholesky decomposition K = R^T R\n",
    "        R = np.array([cholesky(K[i]) for i in range(n)])\n",
    "\n",
    "        # S Normalize Q using R^-1\n",
    "        Q = np.array([V[i] @ np.linalg.inv(R[i]) for i in range(n)])\n",
    "\n",
    "    return Q\n"
   ]
  },
  {
   "cell_type": "code",
   "execution_count": null,
   "metadata": {},
   "outputs": [
    {
     "name": "stdout",
     "output_type": "stream",
     "text": [
      "this is K:  [[[13.35356806  6.61156972  8.00858407]\n",
      "  [ 6.61156972  5.15736374  4.18000891]\n",
      "  [ 8.00858407  4.18000891  6.01275084]]\n",
      "\n",
      " [[13.35356808  6.61156968  8.00858408]\n",
      "  [ 6.61156968  5.15736369  4.18000888]\n",
      "  [ 8.00858408  4.18000888  6.01275085]]\n",
      "\n",
      " [[13.35356803  6.61156975  8.00858405]\n",
      "  [ 6.61156975  5.15736378  4.18000893]\n",
      "  [ 8.00858405  4.18000893  6.01275083]]\n",
      "\n",
      " [[13.35356802  6.61156977  8.00858404]\n",
      "  [ 6.61156977  5.15736381  4.18000895]\n",
      "  [ 8.00858404  4.18000895  6.01275082]]\n",
      "\n",
      " [[13.35356809  6.61156966  8.00858409]\n",
      "  [ 6.61156966  5.15736366  4.18000887]\n",
      "  [ 8.00858409  4.18000887  6.01275086]]]\n",
      "this is K:  [[[ 6.45489181  0.15477799 -0.9793775 ]\n",
      "  [ 0.15477799  3.89662075 -0.52749198]\n",
      "  [-0.9793775  -0.52749198  1.51488573]]\n",
      "\n",
      " [[ 6.4548918   0.15477804 -0.97937751]\n",
      "  [ 0.15477804  3.89662076 -0.52749199]\n",
      "  [-0.97937751 -0.52749199  1.51488574]]\n",
      "\n",
      " [[ 6.45489182  0.15477794 -0.97937749]\n",
      "  [ 0.15477794  3.89662074 -0.52749197]\n",
      "  [-0.97937749 -0.52749197  1.51488573]]\n",
      "\n",
      " [[ 6.45489183  0.15477791 -0.97937749]\n",
      "  [ 0.15477791  3.89662074 -0.52749197]\n",
      "  [-0.97937749 -0.52749197  1.51488573]]\n",
      "\n",
      " [[ 6.4548918   0.15477806 -0.97937751]\n",
      "  [ 0.15477806  3.89662077 -0.52749199]\n",
      "  [-0.97937751 -0.52749199  1.51488574]]]\n",
      "this is K:  [[[ 5.94561478  0.30296316  1.9308459 ]\n",
      "  [ 0.30296316  4.01348161 -0.04135019]\n",
      "  [ 1.9308459  -0.04135019  1.94772618]]\n",
      "\n",
      " [[ 5.94561479  0.30296312  1.93084591]\n",
      "  [ 0.30296312  4.0134816  -0.04135021]\n",
      "  [ 1.93084591 -0.04135021  1.94772618]]\n",
      "\n",
      " [[ 5.94561477  0.30296321  1.9308459 ]\n",
      "  [ 0.30296321  4.01348162 -0.04135018]\n",
      "  [ 1.9308459  -0.04135018  1.94772617]]\n",
      "\n",
      " [[ 5.94561477  0.30296324  1.9308459 ]\n",
      "  [ 0.30296324  4.01348163 -0.04135017]\n",
      "  [ 1.9308459  -0.04135017  1.94772617]]\n",
      "\n",
      " [[ 5.94561479  0.30296309  1.93084591]\n",
      "  [ 0.30296309  4.0134816  -0.04135022]\n",
      "  [ 1.93084591 -0.04135022  1.94772618]]]\n",
      "this is K:  [[[ 6.23183741  0.07484723 -1.54993562]\n",
      "  [ 0.07484723  3.99593043 -0.19314454]\n",
      "  [-1.54993562 -0.19314454  1.76396797]]\n",
      "\n",
      " [[ 6.2318374   0.07484728 -1.54993562]\n",
      "  [ 0.07484728  3.99593043 -0.19314455]\n",
      "  [-1.54993562 -0.19314455  1.76396797]]\n",
      "\n",
      " [[ 6.23183741  0.07484718 -1.54993562]\n",
      "  [ 0.07484718  3.99593042 -0.19314452]\n",
      "  [-1.54993562 -0.19314452  1.76396797]]\n",
      "\n",
      " [[ 6.23183742  0.07484715 -1.54993562]\n",
      "  [ 0.07484715  3.99593042 -0.19314452]\n",
      "  [-1.54993562 -0.19314452  1.76396797]]\n",
      "\n",
      " [[ 6.2318374   0.0748473  -1.54993562]\n",
      "  [ 0.0748473   3.99593044 -0.19314456]\n",
      "  [-1.54993562 -0.19314456  1.76396798]]]\n",
      "this is K:  [[[6.10920575 0.14855205 1.77625995]\n",
      "  [0.14855205 4.00799822 0.03180149]\n",
      "  [1.77625995 0.03180149 1.86940471]]\n",
      "\n",
      " [[6.10920576 0.148552   1.77625995]\n",
      "  [0.148552   4.00799821 0.03180147]\n",
      "  [1.77625995 0.03180147 1.86940471]]\n",
      "\n",
      " [[6.10920575 0.1485521  1.77625995]\n",
      "  [0.1485521  4.00799823 0.0318015 ]\n",
      "  [1.77625995 0.0318015  1.8694047 ]]\n",
      "\n",
      " [[6.10920574 0.14855213 1.77625995]\n",
      "  [0.14855213 4.00799823 0.03180151]\n",
      "  [1.77625995 0.03180151 1.8694047 ]]\n",
      "\n",
      " [[6.10920576 0.14855198 1.77625995]\n",
      "  [0.14855198 4.00799821 0.03180146]\n",
      "  [1.77625995 0.03180146 1.86940471]]]\n",
      "this is K:  [[[ 6.17218919  0.06203054 -1.67395815]\n",
      "  [ 0.06203054  4.00105511 -0.09730434]\n",
      "  [-1.67395815 -0.09730434  1.83062747]]\n",
      "\n",
      " [[ 6.17218919  0.06203059 -1.67395815]\n",
      "  [ 0.06203059  4.00105511 -0.09730436]\n",
      "  [-1.67395815 -0.09730436  1.83062747]]\n",
      "\n",
      " [[ 6.1721892   0.06203049 -1.67395815]\n",
      "  [ 0.06203049  4.00105511 -0.09730433]\n",
      "  [-1.67395815 -0.09730433  1.83062747]]\n",
      "\n",
      " [[ 6.1721892   0.06203047 -1.67395815]\n",
      "  [ 0.06203047  4.00105511 -0.09730432]\n",
      "  [-1.67395815 -0.09730432  1.83062747]]\n",
      "\n",
      " [[ 6.17218919  0.06203062 -1.67395815]\n",
      "  [ 0.06203062  4.00105512 -0.09730437]\n",
      "  [-1.67395815 -0.09730437  1.83062747]]]\n",
      "this is K:  [[[6.14494063 0.08288494 1.73067106]\n",
      "  [0.08288494 4.00294327 0.03659895]\n",
      "  [1.73067106 0.03659895 1.85099759]]\n",
      "\n",
      " [[6.14494063 0.08288489 1.73067106]\n",
      "  [0.08288489 4.00294327 0.03659893]\n",
      "  [1.73067106 0.03659893 1.85099759]]\n",
      "\n",
      " [[6.14494063 0.08288499 1.73067106]\n",
      "  [0.08288499 4.00294328 0.03659896]\n",
      "  [1.73067106 0.03659896 1.85099759]]\n",
      "\n",
      " [[6.14494063 0.08288501 1.73067106]\n",
      "  [0.08288501 4.00294328 0.03659897]\n",
      "  [1.73067106 0.03659897 1.85099759]]\n",
      "\n",
      " [[6.14494064 0.08288486 1.73067106]\n",
      "  [0.08288486 4.00294327 0.03659892]\n",
      "  [1.73067106 0.03659892 1.85099759]]]\n",
      "this is K:  [[[ 6.15922373  0.04691771 -1.70320211]\n",
      "  [ 0.04691771  4.00093463 -0.05422089]\n",
      "  [-1.70320211 -0.05422089  1.84344289]]\n",
      "\n",
      " [[ 6.15922373  0.04691776 -1.70320211]\n",
      "  [ 0.04691776  4.00093464 -0.05422091]\n",
      "  [-1.70320211 -0.05422091  1.84344289]]\n",
      "\n",
      " [[ 6.15922374  0.04691766 -1.70320211]\n",
      "  [ 0.04691766  4.00093463 -0.05422088]\n",
      "  [-1.70320211 -0.05422088  1.84344289]]\n",
      "\n",
      " [[ 6.15922374  0.04691763 -1.70320211]\n",
      "  [ 0.04691763  4.00093463 -0.05422087]\n",
      "  [-1.70320211 -0.05422087  1.84344289]]\n",
      "\n",
      " [[ 6.15922373  0.04691778 -1.70320211]\n",
      "  [ 0.04691778  4.00093464 -0.05422092]\n",
      "  [-1.70320211 -0.05422092  1.84344289]]]\n",
      "this is K:  [[[6.15336601 0.04939962 1.71832702]\n",
      "  [0.04939962 4.00110352 0.02919904]\n",
      "  [1.71832702 0.02919904 1.84697794]]\n",
      "\n",
      " [[6.15336602 0.04939957 1.71832702]\n",
      "  [0.04939957 4.00110352 0.02919902]\n",
      "  [1.71832702 0.02919902 1.84697794]]\n",
      "\n",
      " [[6.15336601 0.04939967 1.71832702]\n",
      "  [0.04939967 4.00110352 0.02919905]\n",
      "  [1.71832702 0.02919905 1.84697794]]\n",
      "\n",
      " [[6.15336601 0.0493997  1.71832702]\n",
      "  [0.0493997  4.00110352 0.02919906]\n",
      "  [1.71832702 0.02919906 1.84697794]]\n",
      "\n",
      " [[6.15336602 0.04939955 1.71832702]\n",
      "  [0.04939955 4.00110352 0.02919901]\n",
      "  [1.71832702 0.02919901 1.84697794]]]\n",
      "this is K:  [[[ 6.15669022  0.03297328 -1.71071399]\n",
      "  [ 0.03297328  4.00049403 -0.03208069]\n",
      "  [-1.71071399 -0.03208069  1.84574895]]\n",
      "\n",
      " [[ 6.15669021  0.03297333 -1.71071399]\n",
      "  [ 0.03297333  4.00049404 -0.0320807 ]\n",
      "  [-1.71071399 -0.0320807   1.84574895]]\n",
      "\n",
      " [[ 6.15669022  0.03297323 -1.71071399]\n",
      "  [ 0.03297323  4.00049403 -0.03208067]\n",
      "  [-1.71071399 -0.03208067  1.84574895]]\n",
      "\n",
      " [[ 6.15669022  0.0329732  -1.71071399]\n",
      "  [ 0.0329732   4.00049403 -0.03208066]\n",
      "  [-1.71071399 -0.03208066  1.84574895]]\n",
      "\n",
      " [[ 6.15669021  0.03297336 -1.71071399]\n",
      "  [ 0.03297336  4.00049404 -0.03208071]\n",
      "  [-1.71071399 -0.03208071  1.84574895]]]\n",
      "this is K:  [[[6.1554842  0.030584   1.71498913]\n",
      "  [0.030584   4.00043042 0.02084987]\n",
      "  [1.71498913 0.02084987 1.84621965]]\n",
      "\n",
      " [[6.1554842  0.03058395 1.71498913]\n",
      "  [0.03058395 4.00043042 0.02084985]\n",
      "  [1.71498913 0.02084985 1.84621965]]\n",
      "\n",
      " [[6.1554842  0.03058405 1.71498913]\n",
      "  [0.03058405 4.00043042 0.02084989]\n",
      "  [1.71498913 0.02084989 1.84621965]]\n",
      "\n",
      " [[6.1554842  0.03058407 1.71498913]\n",
      "  [0.03058407 4.00043042 0.02084989]\n",
      "  [1.71498913 0.02084989 1.84621965]]\n",
      "\n",
      " [[6.1554842  0.03058392 1.71498913]\n",
      "  [0.03058392 4.00043042 0.02084985]\n",
      "  [1.71498913 0.02084985 1.84621965]]]\n",
      "this is K:  [[[ 6.15628746  0.02230235 -1.71279176]\n",
      "  [ 0.02230235  4.00022941 -0.0197476 ]\n",
      "  [-1.71279176 -0.0197476   1.84611416]]\n",
      "\n",
      " [[ 6.15628746  0.0223024  -1.71279176]\n",
      "  [ 0.0223024   4.00022941 -0.01974762]\n",
      "  [-1.71279176 -0.01974762  1.84611416]]\n",
      "\n",
      " [[ 6.15628746  0.0223023  -1.71279176]\n",
      "  [ 0.0223023   4.00022941 -0.01974759]\n",
      "  [-1.71279176 -0.01974759  1.84611416]]\n",
      "\n",
      " [[ 6.15628746  0.02230228 -1.71279176]\n",
      "  [ 0.02230228  4.00022941 -0.01974758]\n",
      "  [-1.71279176 -0.01974758  1.84611416]]\n",
      "\n",
      " [[ 6.15628746  0.02230243 -1.71279176]\n",
      "  [ 0.02230243  4.00022941 -0.01974763]\n",
      "  [-1.71279176 -0.01974763  1.84611416]]]\n",
      "this is K:  [[[6.15606081 0.01935351 1.71406533]\n",
      "  [0.01935351 4.00017323 0.01419508]\n",
      "  [1.71406533 0.01419508 1.84611368]]\n",
      "\n",
      " [[6.15606081 0.01935346 1.71406533]\n",
      "  [0.01935346 4.00017323 0.01419506]\n",
      "  [1.71406533 0.01419506 1.84611368]]\n",
      "\n",
      " [[6.15606081 0.01935356 1.71406533]\n",
      "  [0.01935356 4.00017324 0.01419509]\n",
      "  [1.71406533 0.01419509 1.84611368]]\n",
      "\n",
      " [[6.15606081 0.01935359 1.71406533]\n",
      "  [0.01935359 4.00017324 0.0141951 ]\n",
      "  [1.71406533 0.0141951  1.84611368]]\n",
      "\n",
      " [[6.15606081 0.01935343 1.71406533]\n",
      "  [0.01935343 4.00017323 0.01419505]\n",
      "  [1.71406533 0.01419505 1.84611368]]]\n",
      "this is K:  [[[ 6.15626654  0.01479449 -1.71340519]\n",
      "  [ 0.01479449  4.00010128 -0.01245201]\n",
      "  [-1.71340519 -0.01245201  1.84614989]]\n",
      "\n",
      " [[ 6.15626653  0.01479454 -1.71340519]\n",
      "  [ 0.01479454  4.00010128 -0.01245203]\n",
      "  [-1.71340519 -0.01245203  1.84614989]]\n",
      "\n",
      " [[ 6.15626654  0.01479444 -1.71340519]\n",
      "  [ 0.01479444  4.00010128 -0.01245199]\n",
      "  [-1.71340519 -0.01245199  1.84614989]]\n",
      "\n",
      " [[ 6.15626654  0.01479441 -1.71340519]\n",
      "  [ 0.01479441  4.00010128 -0.01245199]\n",
      "  [-1.71340519 -0.01245199  1.84614989]]\n",
      "\n",
      " [[ 6.15626653  0.01479456 -1.71340519]\n",
      "  [ 0.01479456  4.00010128 -0.01245203]\n",
      "  [-1.71340519 -0.01245203  1.84614989]]]\n",
      "this is K:  [[[6.15623372 0.01239711 1.71380203]\n",
      "  [0.01239711 4.00007114 0.00944593]\n",
      "  [1.71380203 0.00944593 1.84611387]]\n",
      "\n",
      " [[6.15623373 0.01239706 1.71380203]\n",
      "  [0.01239706 4.00007114 0.00944592]\n",
      "  [1.71380203 0.00944592 1.84611387]]\n",
      "\n",
      " [[6.15623372 0.01239717 1.71380203]\n",
      "  [0.01239717 4.00007114 0.00944595]\n",
      "  [1.71380203 0.00944595 1.84611387]]\n",
      "\n",
      " [[6.15623372 0.01239719 1.71380203]\n",
      "  [0.01239719 4.00007114 0.00944596]\n",
      "  [1.71380203 0.00944596 1.84611387]]\n",
      "\n",
      " [[6.15623373 0.01239704 1.71380203]\n",
      "  [0.01239704 4.00007114 0.00944591]\n",
      "  [1.71380203 0.00944591 1.84611387]]]\n",
      "this is K:  [[[ 6.15629092  0.0097169  -1.71359677]\n",
      "  [ 0.0097169   4.00004369 -0.00796028]\n",
      "  [-1.71359677 -0.00796028  1.84614279]]\n",
      "\n",
      " [[ 6.15629091  0.00971695 -1.71359677]\n",
      "  [ 0.00971695  4.00004369 -0.0079603 ]\n",
      "  [-1.71359677 -0.0079603   1.84614279]]\n",
      "\n",
      " [[ 6.15629092  0.00971684 -1.71359677]\n",
      "  [ 0.00971684  4.00004368 -0.00796026]\n",
      "  [-1.71359677 -0.00796026  1.84614279]]\n",
      "\n",
      " [[ 6.15629092  0.00971682 -1.71359677]\n",
      "  [ 0.00971682  4.00004368 -0.00796026]\n",
      "  [-1.71359677 -0.00796026  1.84614279]]\n",
      "\n",
      " [[ 6.15629091  0.00971697 -1.71359677]\n",
      "  [ 0.00971697  4.00004369 -0.0079603 ]\n",
      "  [-1.71359677 -0.0079603   1.84614279]]]\n",
      "this is K:  [[[6.15629105 0.00799402 1.71372498]\n",
      "  [0.00799402 4.00002955 0.00621385]\n",
      "  [1.71372498 0.00621385 1.8461224 ]]\n",
      "\n",
      " [[6.15629105 0.00799397 1.71372499]\n",
      "  [0.00799397 4.00002954 0.00621384]\n",
      "  [1.71372499 0.00621384 1.8461224 ]]\n",
      "\n",
      " [[6.15629105 0.00799407 1.71372498]\n",
      "  [0.00799407 4.00002955 0.00621387]\n",
      "  [1.71372498 0.00621387 1.8461224 ]]\n",
      "\n",
      " [[6.15629105 0.00799409 1.71372498]\n",
      "  [0.00799409 4.00002955 0.00621388]\n",
      "  [1.71372498 0.00621388 1.8461224 ]]\n",
      "\n",
      " [[6.15629105 0.00799394 1.71372499]\n",
      "  [0.00799394 4.00002954 0.00621383]\n",
      "  [1.71372499 0.00621383 1.8461224 ]]]\n",
      "this is K:  [[[ 6.15630860e+00  6.34919414e-03 -1.71365944e+00]\n",
      "  [ 6.34919414e-03  4.00001861e+00 -5.12739477e-03]\n",
      "  [-1.71365944e+00 -5.12739477e-03  1.84613608e+00]]\n",
      "\n",
      " [[ 6.15630860e+00  6.34924458e-03 -1.71365944e+00]\n",
      "  [ 6.34924458e-03  4.00001861e+00 -5.12741092e-03]\n",
      "  [-1.71365944e+00 -5.12741092e-03  1.84613608e+00]]\n",
      "\n",
      " [[ 6.15630860e+00  6.34914370e-03 -1.71365944e+00]\n",
      "  [ 6.34914370e-03  4.00001861e+00 -5.12737863e-03]\n",
      "  [-1.71365944e+00 -5.12737863e-03  1.84613608e+00]]\n",
      "\n",
      " [[ 6.15630860e+00  6.34911848e-03 -1.71365944e+00]\n",
      "  [ 6.34911848e-03  4.00001861e+00 -5.12737055e-03]\n",
      "  [-1.71365944e+00 -5.12737055e-03  1.84613608e+00]]\n",
      "\n",
      " [[ 6.15630860e+00  6.34926980e-03 -1.71365944e+00]\n",
      "  [ 6.34926980e-03  4.00001861e+00 -5.12741899e-03]\n",
      "  [-1.71365944e+00 -5.12741899e-03  1.84613608e+00]]]\n",
      "this is K:  [[[6.15631177e+00 5.17317017e-03 1.71370203e+00]\n",
      "  [5.17317017e-03 4.00001232e+00 4.06358784e-03]\n",
      "  [1.71370203e+00 4.06358784e-03 1.84612726e+00]]\n",
      "\n",
      " [[6.15631177e+00 5.17311973e-03 1.71370203e+00]\n",
      "  [5.17311973e-03 4.00001232e+00 4.06357169e-03]\n",
      "  [1.71370203e+00 4.06357169e-03 1.84612726e+00]]\n",
      "\n",
      " [[6.15631177e+00 5.17322061e-03 1.71370203e+00]\n",
      "  [5.17322061e-03 4.00001232e+00 4.06360398e-03]\n",
      "  [1.71370203e+00 4.06360398e-03 1.84612726e+00]]\n",
      "\n",
      " [[6.15631177e+00 5.17324584e-03 1.71370203e+00]\n",
      "  [5.17324584e-03 4.00001232e+00 4.06361206e-03]\n",
      "  [1.71370203e+00 4.06361206e-03 1.84612726e+00]]\n",
      "\n",
      " [[6.15631177e+00 5.17309451e-03 1.71370203e+00]\n",
      "  [5.17309451e-03 4.00001232e+00 4.06356361e-03]\n",
      "  [1.71370203e+00 4.06356361e-03 1.84612726e+00]]]\n",
      "this is K:  [[[ 6.15631771e+00  4.13755510e-03 -1.71368071e+00]\n",
      "  [ 4.13755510e-03  4.00000785e+00 -3.31614049e-03]\n",
      "  [-1.71368071e+00 -3.31614049e-03  1.84613283e+00]]\n",
      "\n",
      " [[ 6.15631771e+00  4.13760555e-03 -1.71368071e+00]\n",
      "  [ 4.13760555e-03  4.00000785e+00 -3.31615664e-03]\n",
      "  [-1.71368071e+00 -3.31615664e-03  1.84613283e+00]]\n",
      "\n",
      " [[ 6.15631771e+00  4.13750466e-03 -1.71368071e+00]\n",
      "  [ 4.13750466e-03  4.00000785e+00 -3.31612434e-03]\n",
      "  [-1.71368071e+00 -3.31612434e-03  1.84613283e+00]]\n",
      "\n",
      " [[ 6.15631771e+00  4.13747944e-03 -1.71368071e+00]\n",
      "  [ 4.13747944e-03  4.00000785e+00 -3.31611627e-03]\n",
      "  [-1.71368071e+00 -3.31611627e-03  1.84613283e+00]]\n",
      "\n",
      " [[ 6.15631771e+00  4.13763077e-03 -1.71368071e+00]\n",
      "  [ 4.13763077e-03  4.00000785e+00 -3.31616471e-03]\n",
      "  [-1.71368071e+00 -3.31616471e-03  1.84613283e+00]]]\n",
      "this is K:  [[[6.15631974e+00 3.35406649e-03 1.71369516e+00]\n",
      "  [3.35406649e-03 4.00000513e+00 2.64924733e-03]\n",
      "  [1.71369516e+00 2.64924733e-03 1.84612938e+00]]\n",
      "\n",
      " [[6.15631974e+00 3.35401605e-03 1.71369516e+00]\n",
      "  [3.35401605e-03 4.00000513e+00 2.64923118e-03]\n",
      "  [1.71369516e+00 2.64923118e-03 1.84612938e+00]]\n",
      "\n",
      " [[6.15631974e+00 3.35411693e-03 1.71369516e+00]\n",
      "  [3.35411693e-03 4.00000513e+00 2.64926348e-03]\n",
      "  [1.71369516e+00 2.64926348e-03 1.84612938e+00]]\n",
      "\n",
      " [[6.15631974e+00 3.35414215e-03 1.71369516e+00]\n",
      "  [3.35414215e-03 4.00000513e+00 2.64927155e-03]\n",
      "  [1.71369516e+00 2.64927155e-03 1.84612938e+00]]\n",
      "\n",
      " [[6.15631974e+00 3.35399083e-03 1.71369516e+00]\n",
      "  [3.35399083e-03 4.00000513e+00 2.64922311e-03]\n",
      "  [1.71369516e+00 2.64922311e-03 1.84612938e+00]]]\n",
      "this is K:  [[[ 6.15632192e+00  2.69251716e-03 -1.71368813e+00]\n",
      "  [ 2.69251716e-03  4.00000328e+00 -2.14937352e-03]\n",
      "  [-1.71368813e+00 -2.14937352e-03  1.84613149e+00]]\n",
      "\n",
      " [[ 6.15632192e+00  2.69256760e-03 -1.71368813e+00]\n",
      "  [ 2.69256760e-03  4.00000328e+00 -2.14938967e-03]\n",
      "  [-1.71368813e+00 -2.14938967e-03  1.84613149e+00]]\n",
      "\n",
      " [[ 6.15632192e+00  2.69246672e-03 -1.71368813e+00]\n",
      "  [ 2.69246672e-03  4.00000328e+00 -2.14935737e-03]\n",
      "  [-1.71368813e+00 -2.14935737e-03  1.84613149e+00]]\n",
      "\n",
      " [[ 6.15632192e+00  2.69244150e-03 -1.71368813e+00]\n",
      "  [ 2.69244150e-03  4.00000328e+00 -2.14934930e-03]\n",
      "  [-1.71368813e+00 -2.14934930e-03  1.84613149e+00]]\n",
      "\n",
      " [[ 6.15632192e+00  2.69259282e-03 -1.71368813e+00]\n",
      "  [ 2.69259282e-03  4.00000328e+00 -2.14939774e-03]\n",
      "  [-1.71368813e+00 -2.14939774e-03  1.84613149e+00]]]\n",
      "this is K:  [[[6.15632293e+00 2.17682047e-03 1.71369311e+00]\n",
      "  [2.17682047e-03 4.00000211e+00 1.72439209e-03]\n",
      "  [1.71369311e+00 1.72439209e-03 1.84613021e+00]]\n",
      "\n",
      " [[6.15632293e+00 2.17677003e-03 1.71369311e+00]\n",
      "  [2.17677003e-03 4.00000211e+00 1.72437594e-03]\n",
      "  [1.71369311e+00 1.72437594e-03 1.84613021e+00]]\n",
      "\n",
      " [[6.15632293e+00 2.17687091e-03 1.71369311e+00]\n",
      "  [2.17687091e-03 4.00000211e+00 1.72440823e-03]\n",
      "  [1.71369311e+00 1.72440823e-03 1.84613021e+00]]\n",
      "\n",
      " [[6.15632293e+00 2.17689613e-03 1.71369311e+00]\n",
      "  [2.17689613e-03 4.00000211e+00 1.72441631e-03]\n",
      "  [1.71369311e+00 1.72441631e-03 1.84613021e+00]]\n",
      "\n",
      " [[6.15632293e+00 2.17674481e-03 1.71369311e+00]\n",
      "  [2.17674481e-03 4.00000211e+00 1.72436786e-03]\n",
      "  [1.71369311e+00 1.72436786e-03 1.84613021e+00]]]\n",
      "this is K:  [[[ 6.15632378e+00  1.75086504e-03 -1.71369079e+00]\n",
      "  [ 1.75086504e-03  4.00000134e+00 -1.39473228e-03]\n",
      "  [-1.71369079e+00 -1.39473228e-03  1.84613098e+00]]\n",
      "\n",
      " [[ 6.15632378e+00  1.75091549e-03 -1.71369079e+00]\n",
      "  [ 1.75091549e-03  4.00000134e+00 -1.39474843e-03]\n",
      "  [-1.71369079e+00 -1.39474843e-03  1.84613098e+00]]\n",
      "\n",
      " [[ 6.15632378e+00  1.75081460e-03 -1.71369079e+00]\n",
      "  [ 1.75081460e-03  4.00000134e+00 -1.39471613e-03]\n",
      "  [-1.71369079e+00 -1.39471613e-03  1.84613098e+00]]\n",
      "\n",
      " [[ 6.15632378e+00  1.75078938e-03 -1.71369079e+00]\n",
      "  [ 1.75078938e-03  4.00000134e+00 -1.39470806e-03]\n",
      "  [-1.71369079e+00 -1.39470806e-03  1.84613098e+00]]\n",
      "\n",
      " [[ 6.15632378e+00  1.75094071e-03 -1.71369079e+00]\n",
      "  [ 1.75094071e-03  4.00000134e+00 -1.39475650e-03]\n",
      "  [-1.71369079e+00 -1.39475650e-03  1.84613098e+00]]]\n",
      "this is K:  [[[6.15632424e+00 1.41352648e-03 1.71369252e+00]\n",
      "  [1.41352648e-03 4.00000084e+00 1.12145622e-03]\n",
      "  [1.71369252e+00 1.12145622e-03 1.84613052e+00]]\n",
      "\n",
      " [[6.15632424e+00 1.41347603e-03 1.71369252e+00]\n",
      "  [1.41347603e-03 4.00000084e+00 1.12144007e-03]\n",
      "  [1.71369252e+00 1.12144007e-03 1.84613052e+00]]\n",
      "\n",
      " [[6.15632424e+00 1.41357692e-03 1.71369252e+00]\n",
      "  [1.41357692e-03 4.00000084e+00 1.12147236e-03]\n",
      "  [1.71369252e+00 1.12147236e-03 1.84613052e+00]]\n",
      "\n",
      " [[6.15632424e+00 1.41360214e-03 1.71369252e+00]\n",
      "  [1.41360214e-03 4.00000084e+00 1.12148044e-03]\n",
      "  [1.71369252e+00 1.12148044e-03 1.84613052e+00]]\n",
      "\n",
      " [[6.15632424e+00 1.41345081e-03 1.71369252e+00]\n",
      "  [1.41345081e-03 4.00000084e+00 1.12143199e-03]\n",
      "  [1.71369252e+00 1.12143199e-03 1.84613052e+00]]]\n",
      "this is K:  [[[ 6.15632458e+00  1.13809460e-03 -1.71369175e+00]\n",
      "  [ 1.13809460e-03  4.00000051e+00 -9.05595297e-04]\n",
      "  [-1.71369175e+00 -9.05595297e-04  1.84613080e+00]]\n",
      "\n",
      " [[ 6.15632458e+00  1.13814505e-03 -1.71369175e+00]\n",
      "  [ 1.13814505e-03  4.00000052e+00 -9.05611445e-04]\n",
      "  [-1.71369175e+00 -9.05611445e-04  1.84613080e+00]]\n",
      "\n",
      " [[ 6.15632458e+00  1.13804416e-03 -1.71369175e+00]\n",
      "  [ 1.13804416e-03  4.00000051e+00 -9.05579149e-04]\n",
      "  [-1.71369175e+00 -9.05579149e-04  1.84613080e+00]]\n",
      "\n",
      " [[ 6.15632458e+00  1.13801894e-03 -1.71369175e+00]\n",
      "  [ 1.13801894e-03  4.00000051e+00 -9.05571075e-04]\n",
      "  [-1.71369175e+00 -9.05571075e-04  1.84613080e+00]]\n",
      "\n",
      " [[ 6.15632458e+00  1.13817027e-03 -1.71369175e+00]\n",
      "  [ 1.13817027e-03  4.00000052e+00 -9.05619519e-04]\n",
      "  [-1.71369175e+00 -9.05619519e-04  1.84613080e+00]]]\n",
      "this is K:  [[[6.15632478e+00 9.18135654e-04 1.71369236e+00]\n",
      "  [9.18135654e-04 4.00000031e+00 7.29013380e-04]\n",
      "  [1.71369236e+00 7.29013380e-04 1.84613063e+00]]\n",
      "\n",
      " [[6.15632478e+00 9.18085212e-04 1.71369236e+00]\n",
      "  [9.18085212e-04 4.00000031e+00 7.28997232e-04]\n",
      "  [1.71369236e+00 7.28997232e-04 1.84613063e+00]]\n",
      "\n",
      " [[6.15632478e+00 9.18186096e-04 1.71369236e+00]\n",
      "  [9.18186096e-04 4.00000031e+00 7.29029528e-04]\n",
      "  [1.71369236e+00 7.29029528e-04 1.84613063e+00]]\n",
      "\n",
      " [[6.15632478e+00 9.18211317e-04 1.71369236e+00]\n",
      "  [9.18211317e-04 4.00000031e+00 7.29037602e-04]\n",
      "  [1.71369236e+00 7.29037602e-04 1.84613063e+00]]\n",
      "\n",
      " [[6.15632478e+00 9.18059990e-04 1.71369236e+00]\n",
      "  [9.18059990e-04 4.00000031e+00 7.28989158e-04]\n",
      "  [1.71369236e+00 7.28989158e-04 1.84613063e+00]]]\n",
      "this is K:  [[[ 6.15632492e+00  7.39631491e-04 -1.71369211e+00]\n",
      "  [ 7.39631491e-04  4.00000017e+00 -5.88189140e-04]\n",
      "  [-1.71369211e+00 -5.88189140e-04  1.84613073e+00]]\n",
      "\n",
      " [[ 6.15632492e+00  7.39681934e-04 -1.71369211e+00]\n",
      "  [ 7.39681934e-04  4.00000017e+00 -5.88205288e-04]\n",
      "  [-1.71369211e+00 -5.88205288e-04  1.84613073e+00]]\n",
      "\n",
      " [[ 6.15632492e+00  7.39581049e-04 -1.71369211e+00]\n",
      "  [ 7.39581049e-04  4.00000017e+00 -5.88172992e-04]\n",
      "  [-1.71369211e+00 -5.88172992e-04  1.84613073e+00]]\n",
      "\n",
      " [[ 6.15632492e+00  7.39555828e-04 -1.71369211e+00]\n",
      "  [ 7.39555828e-04  4.00000017e+00 -5.88164918e-04]\n",
      "  [-1.71369211e+00 -5.88164918e-04  1.84613073e+00]]\n",
      "\n",
      " [[ 6.15632492e+00  7.39707155e-04 -1.71369211e+00]\n",
      "  [ 7.39707155e-04  4.00000017e+00 -5.88213362e-04]\n",
      "  [-1.71369211e+00 -5.88213362e-04  1.84613073e+00]]]\n",
      "this is K:  [[[6.15632501e+00 5.96449750e-04 1.71369233e+00]\n",
      "  [5.96449750e-04 4.00000008e+00 4.73791238e-04]\n",
      "  [1.71369233e+00 4.73791238e-04 1.84613067e+00]]\n",
      "\n",
      " [[6.15632501e+00 5.96399308e-04 1.71369233e+00]\n",
      "  [5.96399308e-04 4.00000008e+00 4.73775090e-04]\n",
      "  [1.71369233e+00 4.73775090e-04 1.84613067e+00]]\n",
      "\n",
      " [[6.15632501e+00 5.96500193e-04 1.71369233e+00]\n",
      "  [5.96500193e-04 4.00000008e+00 4.73807386e-04]\n",
      "  [1.71369233e+00 4.73807386e-04 1.84613067e+00]]\n",
      "\n",
      " [[6.15632501e+00 5.96525414e-04 1.71369233e+00]\n",
      "  [5.96525414e-04 4.00000008e+00 4.73815460e-04]\n",
      "  [1.71369233e+00 4.73815460e-04 1.84613067e+00]]\n",
      "\n",
      " [[6.15632501e+00 5.96374087e-04 1.71369233e+00]\n",
      "  [5.96374087e-04 4.00000008e+00 4.73767016e-04]\n",
      "  [1.71369233e+00 4.73767016e-04 1.84613067e+00]]]\n",
      "this is K:  [[[ 6.15632507e+00  4.80624328e-04 -1.71369224e+00]\n",
      "  [ 4.80624328e-04  4.00000002e+00 -3.82096830e-04]\n",
      "  [-1.71369224e+00 -3.82096830e-04  1.84613071e+00]]\n",
      "\n",
      " [[ 6.15632507e+00  4.80674770e-04 -1.71369224e+00]\n",
      "  [ 4.80674770e-04  4.00000002e+00 -3.82112978e-04]\n",
      "  [-1.71369224e+00 -3.82112978e-04  1.84613071e+00]]\n",
      "\n",
      " [[ 6.15632507e+00  4.80573886e-04 -1.71369224e+00]\n",
      "  [ 4.80573886e-04  4.00000002e+00 -3.82080682e-04]\n",
      "  [-1.71369224e+00 -3.82080682e-04  1.84613071e+00]]\n",
      "\n",
      " [[ 6.15632507e+00  4.80548664e-04 -1.71369224e+00]\n",
      "  [ 4.80548664e-04  4.00000002e+00 -3.82072608e-04]\n",
      "  [-1.71369224e+00 -3.82072608e-04  1.84613071e+00]]\n",
      "\n",
      " [[ 6.15632507e+00  4.80699991e-04 -1.71369224e+00]\n",
      "  [ 4.80699991e-04  4.00000002e+00 -3.82121052e-04]\n",
      "  [-1.71369224e+00 -3.82121052e-04  1.84613071e+00]]]\n",
      "this is K:  [[[6.15632510e+00 3.87502633e-04 1.71369232e+00]\n",
      "  [3.87502633e-04 3.99999998e+00 3.07882515e-04]\n",
      "  [1.71369232e+00 3.07882515e-04 1.84613069e+00]]\n",
      "\n",
      " [[6.15632510e+00 3.87452191e-04 1.71369232e+00]\n",
      "  [3.87452191e-04 3.99999998e+00 3.07866367e-04]\n",
      "  [1.71369232e+00 3.07866367e-04 1.84613069e+00]]\n",
      "\n",
      " [[6.15632510e+00 3.87553075e-04 1.71369232e+00]\n",
      "  [3.87553075e-04 3.99999998e+00 3.07898663e-04]\n",
      "  [1.71369232e+00 3.07898663e-04 1.84613069e+00]]\n",
      "\n",
      " [[6.15632510e+00 3.87578297e-04 1.71369232e+00]\n",
      "  [3.87578297e-04 3.99999998e+00 3.07906737e-04]\n",
      "  [1.71369232e+00 3.07906737e-04 1.84613069e+00]]\n",
      "\n",
      " [[6.15632510e+00 3.87426970e-04 1.71369232e+00]\n",
      "  [3.87426970e-04 3.99999998e+00 3.07858293e-04]\n",
      "  [1.71369232e+00 3.07858293e-04 1.84613069e+00]]]\n",
      "this is K:  [[[ 6.15632513e+00  3.12299673e-04 -1.71369229e+00]\n",
      "  [ 3.12299673e-04  3.99999996e+00 -2.48238225e-04]\n",
      "  [-1.71369229e+00 -2.48238225e-04  1.84613070e+00]]\n",
      "\n",
      " [[ 6.15632513e+00  3.12350115e-04 -1.71369229e+00]\n",
      "  [ 3.12350115e-04  3.99999996e+00 -2.48254373e-04]\n",
      "  [-1.71369229e+00 -2.48254373e-04  1.84613070e+00]]\n",
      "\n",
      " [[ 6.15632513e+00  3.12249230e-04 -1.71369229e+00]\n",
      "  [ 3.12249230e-04  3.99999996e+00 -2.48222078e-04]\n",
      "  [-1.71369229e+00 -2.48222078e-04  1.84613070e+00]]\n",
      "\n",
      " [[ 6.15632513e+00  3.12224009e-04 -1.71369229e+00]\n",
      "  [ 3.12224009e-04  3.99999996e+00 -2.48214004e-04]\n",
      "  [-1.71369229e+00 -2.48214004e-04  1.84613070e+00]]\n",
      "\n",
      " [[ 6.15632513e+00  3.12375336e-04 -1.71369229e+00]\n",
      "  [ 3.12375336e-04  3.99999996e+00 -2.48262447e-04]\n",
      "  [-1.71369229e+00 -2.48262447e-04  1.84613070e+00]]]\n",
      "this is K:  [[[6.15632515e+00 2.51763786e-04 1.71369232e+00]\n",
      "  [2.51763786e-04 3.99999994e+00 2.00057499e-04]\n",
      "  [1.71369232e+00 2.00057499e-04 1.84613069e+00]]\n",
      "\n",
      " [[6.15632515e+00 2.51713343e-04 1.71369232e+00]\n",
      "  [2.51713343e-04 3.99999994e+00 2.00041351e-04]\n",
      "  [1.71369232e+00 2.00041351e-04 1.84613069e+00]]\n",
      "\n",
      " [[6.15632515e+00 2.51814228e-04 1.71369232e+00]\n",
      "  [2.51814228e-04 3.99999994e+00 2.00073647e-04]\n",
      "  [1.71369232e+00 2.00073647e-04 1.84613069e+00]]\n",
      "\n",
      " [[6.15632515e+00 2.51839449e-04 1.71369232e+00]\n",
      "  [2.51839449e-04 3.99999994e+00 2.00081721e-04]\n",
      "  [1.71369232e+00 2.00081721e-04 1.84613069e+00]]\n",
      "\n",
      " [[6.15632515e+00 2.51688122e-04 1.71369232e+00]\n",
      "  [2.51688122e-04 3.99999994e+00 2.00033277e-04]\n",
      "  [1.71369232e+00 2.00033277e-04 1.84613069e+00]]]\n",
      "this is K:  [[[ 6.15632516e+00  2.02919771e-04 -1.71369231e+00]\n",
      "  [ 2.02919771e-04  3.99999993e+00 -1.61281415e-04]\n",
      "  [-1.71369231e+00 -1.61281415e-04  1.84613070e+00]]\n",
      "\n",
      " [[ 6.15632516e+00  2.02970214e-04 -1.71369231e+00]\n",
      "  [ 2.02970214e-04  3.99999993e+00 -1.61297563e-04]\n",
      "  [-1.71369231e+00 -1.61297563e-04  1.84613070e+00]]\n",
      "\n",
      " [[ 6.15632516e+00  2.02869329e-04 -1.71369231e+00]\n",
      "  [ 2.02869329e-04  3.99999993e+00 -1.61265267e-04]\n",
      "  [-1.71369231e+00 -1.61265267e-04  1.84613070e+00]]\n",
      "\n",
      " [[ 6.15632516e+00  2.02844108e-04 -1.71369231e+00]\n",
      "  [ 2.02844108e-04  3.99999993e+00 -1.61257193e-04]\n",
      "  [-1.71369231e+00 -1.61257193e-04  1.84613070e+00]]\n",
      "\n",
      " [[ 6.15632516e+00  2.02995435e-04 -1.71369231e+00]\n",
      "  [ 2.02995435e-04  3.99999993e+00 -1.61305637e-04]\n",
      "  [-1.71369231e+00 -1.61305637e-04  1.84613070e+00]]]\n",
      "this is K:  [[[6.15632516e+00 1.63576625e-04 1.71369232e+00]\n",
      "  [1.63576625e-04 3.99999993e+00 1.29989955e-04]\n",
      "  [1.71369232e+00 1.29989955e-04 1.84613069e+00]]\n",
      "\n",
      " [[6.15632516e+00 1.63526183e-04 1.71369232e+00]\n",
      "  [1.63526183e-04 3.99999993e+00 1.29973807e-04]\n",
      "  [1.71369232e+00 1.29973807e-04 1.84613069e+00]]\n",
      "\n",
      " [[6.15632516e+00 1.63627068e-04 1.71369232e+00]\n",
      "  [1.63627068e-04 3.99999993e+00 1.30006103e-04]\n",
      "  [1.71369232e+00 1.30006103e-04 1.84613069e+00]]\n",
      "\n",
      " [[6.15632516e+00 1.63652289e-04 1.71369232e+00]\n",
      "  [1.63652289e-04 3.99999993e+00 1.30014177e-04]\n",
      "  [1.71369232e+00 1.30014177e-04 1.84613069e+00]]\n",
      "\n",
      " [[6.15632516e+00 1.63500962e-04 1.71369232e+00]\n",
      "  [1.63500962e-04 3.99999993e+00 1.29965733e-04]\n",
      "  [1.71369232e+00 1.29965733e-04 1.84613069e+00]]]\n",
      "this is K:  [[[ 6.15632517e+00  1.31847040e-04 -1.71369232e+00]\n",
      "  [ 1.31847040e-04  3.99999992e+00 -1.04787810e-04]\n",
      "  [-1.71369232e+00 -1.04787810e-04  1.84613069e+00]]\n",
      "\n",
      " [[ 6.15632517e+00  1.31897482e-04 -1.71369232e+00]\n",
      "  [ 1.31897482e-04  3.99999992e+00 -1.04803958e-04]\n",
      "  [-1.71369232e+00 -1.04803958e-04  1.84613069e+00]]\n",
      "\n",
      " [[ 6.15632517e+00  1.31796597e-04 -1.71369232e+00]\n",
      "  [ 1.31796597e-04  3.99999992e+00 -1.04771662e-04]\n",
      "  [-1.71369232e+00 -1.04771662e-04  1.84613069e+00]]\n",
      "\n",
      " [[ 6.15632517e+00  1.31771376e-04 -1.71369232e+00]\n",
      "  [ 1.31771376e-04  3.99999992e+00 -1.04763588e-04]\n",
      "  [-1.71369232e+00 -1.04763588e-04  1.84613069e+00]]\n",
      "\n",
      " [[ 6.15632517e+00  1.31922703e-04 -1.71369232e+00]\n",
      "  [ 1.31922703e-04  3.99999992e+00 -1.04812032e-04]\n",
      "  [-1.71369232e+00 -1.04812032e-04  1.84613069e+00]]]\n",
      "this is K:  [[[6.15632517e+00 1.06280643e-04 1.71369232e+00]\n",
      "  [1.06280643e-04 3.99999992e+00 8.44611387e-05]\n",
      "  [1.71369232e+00 8.44611387e-05 1.84613069e+00]]\n",
      "\n",
      " [[6.15632517e+00 1.06230200e-04 1.71369232e+00]\n",
      "  [1.06230200e-04 3.99999992e+00 8.44449907e-05]\n",
      "  [1.71369232e+00 8.44449907e-05 1.84613069e+00]]\n",
      "\n",
      " [[6.15632517e+00 1.06331085e-04 1.71369232e+00]\n",
      "  [1.06331085e-04 3.99999992e+00 8.44772867e-05]\n",
      "  [1.71369232e+00 8.44772867e-05 1.84613069e+00]]\n",
      "\n",
      " [[6.15632517e+00 1.06356306e-04 1.71369232e+00]\n",
      "  [1.06356306e-04 3.99999992e+00 8.44853607e-05]\n",
      "  [1.71369232e+00 8.44853607e-05 1.84613069e+00]]\n",
      "\n",
      " [[6.15632517e+00 1.06204979e-04 1.71369232e+00]\n",
      "  [1.06204979e-04 3.99999992e+00 8.44369167e-05]\n",
      "  [1.71369232e+00 8.44369167e-05 1.84613069e+00]]]\n",
      "this is K:  [[[ 6.15632517e+00  8.56668525e-05 -1.71369232e+00]\n",
      "  [ 8.56668525e-05  3.99999992e+00 -6.80836569e-05]\n",
      "  [-1.71369232e+00 -6.80836569e-05  1.84613069e+00]]\n",
      "\n",
      " [[ 6.15632517e+00  8.57172948e-05 -1.71369232e+00]\n",
      "  [ 8.57172948e-05  3.99999992e+00 -6.80998049e-05]\n",
      "  [-1.71369232e+00 -6.80998049e-05  1.84613069e+00]]\n",
      "\n",
      " [[ 6.15632517e+00  8.56164102e-05 -1.71369232e+00]\n",
      "  [ 8.56164102e-05  3.99999992e+00 -6.80675089e-05]\n",
      "  [-1.71369232e+00 -6.80675089e-05  1.84613069e+00]]\n",
      "\n",
      " [[ 6.15632517e+00  8.55911891e-05 -1.71369232e+00]\n",
      "  [ 8.55911891e-05  3.99999992e+00 -6.80594350e-05]\n",
      "  [-1.71369232e+00 -6.80594350e-05  1.84613069e+00]]\n",
      "\n",
      " [[ 6.15632517e+00  8.57425160e-05 -1.71369232e+00]\n",
      "  [ 8.57425160e-05  3.99999992e+00 -6.81078789e-05]\n",
      "  [-1.71369232e+00 -6.81078789e-05  1.84613069e+00]]]\n",
      "this is K:  [[[6.15632517e+00 6.90541372e-05 1.71369232e+00]\n",
      "  [6.90541372e-05 3.99999992e+00 5.48782116e-05]\n",
      "  [1.71369232e+00 5.48782116e-05 1.84613069e+00]]\n",
      "\n",
      " [[6.15632517e+00 6.90036949e-05 1.71369232e+00]\n",
      "  [6.90036949e-05 3.99999992e+00 5.48620636e-05]\n",
      "  [1.71369232e+00 5.48620636e-05 1.84613069e+00]]\n",
      "\n",
      " [[6.15632517e+00 6.91045795e-05 1.71369232e+00]\n",
      "  [6.91045795e-05 3.99999992e+00 5.48943596e-05]\n",
      "  [1.71369232e+00 5.48943596e-05 1.84613069e+00]]\n",
      "\n",
      " [[6.15632517e+00 6.91298006e-05 1.71369232e+00]\n",
      "  [6.91298006e-05 3.99999992e+00 5.49024336e-05]\n",
      "  [1.71369232e+00 5.49024336e-05 1.84613069e+00]]\n",
      "\n",
      " [[6.15632517e+00 6.89784737e-05 1.71369232e+00]\n",
      "  [6.89784737e-05 3.99999992e+00 5.48539896e-05]\n",
      "  [1.71369232e+00 5.48539896e-05 1.84613069e+00]]]\n",
      "this is K:  [[[ 6.15632517e+00  5.56613002e-05 -1.71369232e+00]\n",
